0.0 0.0 0.0
0.25 1.6609612583096123e-05 -8.570718811704651e-07
0.5 3.13702047969322e-05 -1.6163304487723488e-06
0.75 4.47737253139735e-05 -2.30291469170354e-06
1.0 5.711235527083858e-05 -2.9322522566357646e-06
1.25 6.85838357008528e-05 -3.5152651653082486e-06
1.5 7.931745703615434e-05 -4.0592404207549085e-06
1.75 8.940822168002072e-05 -4.5694716158362274e-06
2.0 9.894258806708578e-05 -5.0504668568283265e-06
2.25 0.00010799784319015515 -5.505907709079581e-06
2.5 0.00011662948286828012 -5.9383348750595345e-06
2.75 0.00012487383454873324 -6.349690182999004e-06
3.0 0.00013276225320613122 -6.741951765316047e-06
3.25 0.00014032720816459232 -7.117076685783762e-06
3.5 0.00014759924233676003 -7.476681550783957e-06
3.75 0.00015460467923622545 -7.821962796479643e-06
4.0 0.0001613672824540835 -8.153909764642011e-06
4.25 0.00016791002464522364 -8.473556655447079e-06
4.5 0.0001742537344520123 -8.781966934322901e-06
4.75 0.00018041414893499308 -9.07999144035366e-06
5.0 0.0001864006659721973 -9.368128932103027e-06
5.25 0.00019221783735634546 -9.646645247955028e-06
5.5 0.00019786826727674622 -9.915797609037278e-06
5.75 0.00020335536935567333 -1.0175977834726569e-05
6.0 0.0002086848203686209 -1.042771056528685e-05
6.25 0.00021386393677813587 -1.0671529928894001e-05
6.5 0.0002188997894774225 -1.090784728834741e-05
6.75 0.0002237981038986092 -1.1136937273748917e-05
7.0 0.00022856400080817352 -1.1359049436281462e-05
7.25 0.00023320366184842456 -1.1574533360755453e-05
7.5 0.00023772521529963342 -1.1783864446483181e-05
7.75 0.0002421380310293486 -1.1987554524286419e-05
8.0 0.00024645109118548447 -1.2186033287057204e-05
8.25 0.0002506716803383213 -1.2379599189943916e-05
8.5 0.00025480490504037334 -1.2568450548812098e-05
8.75 0.0002588536843184386 -1.2752732257430753e-05
9.0 0.00026281878688783067 -1.2932548057445602e-05
9.25 0.0002666988798281089 -1.3107942190297927e-05
9.5 0.00027049088228858764 -1.3278890118269057e-05
9.75 0.0002741909181507296 -1.3445338500644045e-05
10.0 0.00027779557822738 -1.3607282450639265e-05
